
如果删除的数在mid左边
=====================
								delta		left	mid
-13  1  5  8  9   10  17  17     					&9
-13  1  8  9  10  17  17        -5   	  	NA		&9

	如果添加的数在mid右边
-13  1  8  9  10  12  17  17    +12	   		NA		&10		mid=mid->next

	如果添加的数在mid左边
-13  0  1  8  9   10  17  17    +0			NA		&9		mid=不变






如果删除的数在mid右边
=====================

								delta		left	mid
-13  1  5  8  9   10  17  17     					&9
-13  1  5  8  9   10  17        -17			NA		&9

	如果添加的数在mid右边
-13  1  5  8  9   10  12  17    +12			NA		&9		mid=不变

	如果添加的数在mid左边
-13  0  1  5  8   9   10  17	+0			NA		&8		mid=mid->prev






如果删除的数正好是mid
======================

								delta		left	mid
-13  1  5  8  9   10  17  17     					&9
-13  1  5  8  10  17  17		-9			&8

	如果添加的数在left右边
-13  1  5  8  10  13  17  17	+13			&8		&10		mid=left->next

	如果添加的数在left左边
-13  1  3  5  8   10  17  17	+3			&8		&8		mid=left





